image_width: 1920
image_height: 1080
camera_name: localization_cam_left
camera_matrix:
  rows: 3
  cols: 3
  data: [1194.0376685292167, 0.0, 973.3246055860383, 0.0, 1197.2091476266312, 498.7031477987457, 0.0, 0.0, 1.0]
distortion_model: plumb_bob
distortion_coefficients:
  rows: 1
  cols: 5
  data: [0.05358560825740393, -0.10779851454911749, -0.006563786112080993, 0.0013000912735310196, 0.0]
rectification_matrix:
  rows: 3
  cols: 3
  data: [1.000000, 0.000000, 0.000000, 0.000000, 1.000000, 0.000000, 0.000000, 0.000000, 1.000000]
projection_matrix:
  rows: 3
  cols: 4
  data: [1180.294189453125, 0.0, 978.6682482553442, 0.0, 0.0, 1204.9033203125, 493.2213662903814, 0.0, 0.0, 0.0, 1.0, 0.0]
